70 67 76 62 65 58 5 33 75 36 58 8 21 35 12 72 53 55 23 15 44 77 12 43 24 6 28 75 4 63 23 46 21 82 69 71 137 130 137 169 176 181 183 188 194 199 191 197
16 24 64 59 27 34 8 67 22 68 70 4 6 76 31 52 10 30 84 59 63 0 44 46 74 66 8 32 75 71 28 64 81 84 17 59 2 57 81 99 135 102 137 168 197 192 196 196 199
27 29 69 72 47 15 46 12 40 30 87 79 25 77 25 44 50 86 73 6 78 14 58 34 85 153 159 166 100 125 137 181 187 183 188 192 192 190 198 196
70 60 73 48 83 6 71 62 8 89 56 65 72 81 38 19 51 34 18 10 35 41 13 3 37 16 68 26 3 29 83 3 61 42 23 1 167 92 109 129 131 123 110 153 192 192 193 194 192
23 26 74 30 57 45 46 37 81 37 53 26 50 16 46 43 74 32 67 61 0 13 60 20 20 69 81 75 58 34 38 67 65 117 133 143 113 149 102 142 115 134 154 185 182 183 184 180 190 196
26 67 7 12 18 36 70 13 66 9 80 56 21 89 26 19 42 7 25 66 27 64 4 30 66 14 11 88 30 68 61 64 77 116 176 163 101 94 162 95 169 199 199 193 193 193
57 77 49 46 16 15 81 48 56 4 29 0 47 44 32 74 31 16 64 54 76 35 61 91 117 170 97 127 91 184 185 187 184 182 192 199 194
69 71 55 25 40 78 47 34 34 45 51 19 83 5 50 30 84 8 19 35 13 58 24 20 34 54 32 38 64 129 133 106 167 126 94 128 183 185 197 194 191 190 198
20 78 67 57 77 59 34 67 27 34 20 72 24 76 34 27 0 88 81 49 88 10 21 60 40 6 58 58 166 132 171 158 127 184 188 188 190
86 5 79 39 88 52 70 51 2 27 80 44 65 22 86 70 12 44 27 28 109 157 126 173 124 135 102 159 145 141 187 180 186 185 188 194 198 191 195 190
17 70 89 33 13 17 43 79 86 57 19 53 44 68 48 48 27 42 79 29 145 108 143 120 138 149 128 188 183 186 193 198 191
49 78 46 2 88 63 44 28 48 85 79 74 46 84 30 41 66 58 24 17 2 74 37 80 120 159 115 148 117 190 195 197 193 196
47 40 87 62 46 58 31 16 74 89 31 74 14 8 41 47 54 28 53 32 70 132 114 142 115 109 184 188 181 188 182 192 195
88 5 44 78 53 31 40 72 84 67 33 36 67 35 80 32 6 56 49 50 49 84 46 30 69 53 25 51 100 144 104 160 92 182 181 180 187 192
78 45 25 13 0 6 75 5 4 85 25 15 33 46 89 38 80 70 61 59 61 81 71 39 19 0 89 40 1 53 165 144 127 103 144 90 99 98 147 164 182 182 196 198 199 193
16 86 83 25 58 46 11 79 39 38 53 25 43 51 40 65 82 54 59 48 44 82 59 38 12 121 129 176 128 110 159 98 127 188 181 182 194 199
21 21 38 48 5 4 56 62 22 1 82 55 73 12 34 53 80 27 44 79 27 40 74 64 57 11 32 51 29 68 20 37 55 51 34 124 139 139 106 112 102 137 171 146 96 197 191 197 196
4 64 71 35 52 82 34 46 14 62 85 26 60 64 53 28 47 22 22 25 48 27 44 38 18 21 19 60 86 70 34 95 132 168 168 154 179 194 192 191 191
61 63 70 66 89 68 30 36 2 59 6 14 60 27 2 41 81 71 56 58 42 24 25 56 28 9 59 27 162 172 179 159 168 149 157 127 179 135 182 191 193
69 86 10 43 28 9 78 27 66 28 11 82 36 88 41 1 21 75 48 38 50 37 48 1 31 87 50 24 55 2 31 166 152 155 172 91 104 124 92 181 186 193 192
80 14 29 16 76 79 79 9 87 22 57 4 1 68 84 81 3 8 63 75 39 67 31 41 83 83 67 167 156 116 123 136 109 132 103 183 189 191 194 190
7 53 31 64 40 10 86 5 28 17 11 24 77 16 27 21 3 49 80 84 51 65 29 1 14 47 64 40 65 97 119 168 92 95 92 182 191 190 195
69 18 9 35 78 87 43 87 88 19 62 75 31 81 30 81 89 39 87 82 50 14 82 157 136 169 133 179 155 175 114 130 198 190 191
9 10 81 16 58 58 72 68 48 36 1 18 77 38 66 61 10 77 70 31 15 77 25 34 45 83 86 25 24 46 4 53 179 169 112 164 158 175 130 111 184 186 190 198 199 197 198
57 17 38 61 88 62 41 43 85 28 30 25 83 2 68 76 22 19 11 23 43 48 23 29 9 31 21 38 45 69 45 76 16 57 87 65 16 18 42 51 141 132 97 159 106 186 192 196 196 192 192
77 85 10 33 18 46 47 59 69 22 23 7 24 83 88 56 6 10 79 84 173 133 109 172 149 114 129 122 96 103 187 180 188 193 195
22 40 82 2 43 75 35 84 8 55 56 62 85 26 67 17 14 1 24 38 12 75 85 34 53 87 7 63 44 28 23 2 23 61 5 75 79 53 165 111 104 150 118 117 199
76 12 84 8 32 35 17 16 79 89 68 56 49 11 25 50 15 29 14 49 21 23 51 67 48 56 48 179 90 162 113 120 182 185 183 189 182 191 196 190 199 199
2 33 44 32 32 42 16 45 29 60 63 48 15 12 81 84 79 35 16 84 48 38 32 63 21 9 49 42 84 142 133 101 172 90 97 92 190 194 192 191
30 78 58 73 27 14 71 35 82 71 68 76 13 9 58 83 45 4 6 27 38 64 49 65 88 66 61 17 75 0 43 24 35 70 50 40 88 9 31 90 127 178 117 121 99 158 181 184 180 187 198 195 192 196
84 59 52 15 58 84 64 23 16 68 62 1 10 25 51 4 3 75 21 4 143 146 94 177 149 136 167 117 188 187 180 184 190
45 29 6 8 13 61 87 25 83 54 71 27 79 78 66 76 39 55 15 52 22 22 17 89 6 20 23 56 3 9 9 71 56 31 81 39 44 140 98 102 143 168 164 132 96 156 184 181 196 190 199
20 6 23 80 82 33 4 33 78 36 8 63 7 59 74 51 3 40 11 30 22 46 29 89 38 37 87 51 1 3 74 76 72 20 168 159 131 121 151 97 118 107 145 144 181 187 187 190 190
39 10 35 88 39 31 30 86 16 57 28 40 40 44 67 79 44 66 61 80 1 1 31 68 55 2 133 166 169 146 123 144 111 188 189 187 186 195
69 51 60 9 33 75 42 82 80 8 68 13 46 84 15 62 51 64 44 67 89 89 32 64 113 98 167 110 114 106 102 183 185 183 189 197
51 12 25 1 43 26 68 31 77 39 32 13 52 76 20 51 80 44 33 42 59 20 69 80 35 34 2 67 69 70 63 29 57 53 10 61 87 80 128 142 150 103 108 104 179 182 186 192 192
53 88 44 77 81 31 36 23 13 18 76 78 79 0 3 36 7 46 65 67 88 76 8 39 56 79 12 21 13 6 73 44 70 50 46 76 87 80 38 106 173 147 150 152 91 182 186 185 189 197 192 196 191
31 28 33 50 78 88 86 3 83 25 32 40 66 47 81 71 26 33 0 19 50 152 104 95 92 118 177 153 145 176 181 186 199 192 193
7 84 36 72 88 73 9 88 88 58 61 65 82 32 30 55 15 51 3 16 63 46 70 25 51 23 33 15 64 78 74 42 3 166 100 162 120 125 199 199 197
49 9 88 24 10 43 34 51 42 25 22 37 86 22 45 7 7 78 16 59 27 64 19 50 6 84 155 173 154 157 106 159 119 130 175 180 183 181 182 180 199 197 199 192 197
7 78 68 34 14 47 20 67 78 87 45 54 30 6 62 24 42 64 70 88 45 1 67 18 78 54 30 68 61 42 4 32 66 55 58 22 77 42 56 95 157 169 96 156 187 180 191 194 197 198
12 57 16 14 41 51 41 86 73 62 86 19 49 31 60 79 1 40 15 36 3 44 77 32 46 43 155 108 120 163 104 125 127 189 187 183 182 189 195 193 192 193
7 22 79 42 83 70 72 64 70 6 44 12 29 29 69 63 89 5 74 84 71 5 44 22 16 41 19 87 87 84 54 70 73 26 48 10 170 137 105 147 158 130 129 90 189 182 183 187 194 199
32 36 88 42 77 7 83 45 73 79 0 21 1 44 46 23 81 57 75 26 39 65 141 115 173 172 121 90 95 147 97 119 198 190 190 199 193
42 88 34 46 64 83 64 74 80 65 47 15 35 71 33 9 40 71 25 15 3 64 20 1 85 10 62 33 20 54 69 20 29 6 63 168 152 120 122 104 97 142 92 181 187 183 191 196 198 195 199
45 1 42 63 84 12 33 44 59 22 8 26 4 17 39 54 16 58 80 61 69 84 86 89 70 14 53 82 58 34 66 23 24 10 6 65 21 150 120 142 150 164 154 161 182 186 188 191 191 193 199 191
63 16 85 36 25 21 72 85 37 33 80 55 9 76 45 56 61 35 50 52 51 76 99 113 145 131 118 113 152 134 101 187 194 197 193 190
86 44 88 12 84 77 8 3 33 6 42 6 20 52 5 5 50 14 1 19 74 19 55 7 85 45 36 7 3 62 31 49 29 36 12 95 111 149 173 151 179 161 119 183 189 184 186 196
47 34 74 19 15 16 83 36 70 13 30 4 14 69 56 80 77 24 65 83 21 12 17 24 66 60 32 67 37 69 66 133 159 110 93 125 189 195 196 199 194 191
25 47 25 87 78 6 28 88 41 83 38 58 39 7 31 19 41 41 69 0 58 52 12 14 61 18 41 33 63 119 92 104 154 121 135 150 144 101 180 183 196 194
73 69 27 28 84 39 7 12 39 39 66 22 11 49 79 88 60 68 11 14 16 38 83 24 0 70 29 87 9 1 48 54 104 136 94 131 175 171 183 183 198 197 197
68 2 30 10 34 84 85 59 13 61 72 67 39 0 74 19 45 9 10 86 13 74 82 52 83 61 14 6 42 137 110 107 148 143 125 187 185 180 194 191
8 84 22 44 62 24 75 65 75 6 41 23 43 47 17 53 0 3 50 81 38 14 4 14 35 10 30 89 76 83 88 83 36 49 29 44 47 21 57 172 104 161 106 150 105 150 104 111 121 186 180 184 180 195 190 196 195
1 41 61 20 83 58 35 65 61 26 43 45 62 81 71 83 54 68 85 41 72 16 14 61 2 23 78 69 21 2 25 74 140 173 108 145 118 110 146 187 182 185 183 187 198 199 198 199 196
9 34 86 38 8 29 78 1 55 48 77 22 83 74 27 51 89 21 61 56 82 82 72 73 7 24 24 46 2 45 3 12 65 39 9 56 28 88 66 126 98 171 135 178 189 182 183 194 195 190 192 191
22 40 0 66 79 4 7 56 70 79 81 39 69 23 18 30 11 55 17 88 52 8 34 26 19 54 54 0 56 35 55 174 101 102 93 100 155 138 180 184 182 185 183 198
77 49 56 67 29 79 34 45 71 33 20 46 69 8 69 79 32 78 59 68 50 4 27 85 82 175 118 138 99 156 132 161 163 136 136 186 199 194 197
75 38 58 69 9 31 40 69 12 64 69 44 53 41 33 71 20 65 61 20 177 117 154 133 117 103 108 99 114 174 188 194
67 64 44 74 62 8 2 3 63 77 75 69 59 68 89 14 50 70 21 70 81 67 51 63 82 57 8 55 11 82 21 47 55 19 73 75 17 3 104 129 131 113 162 108 188 180 187 181 181 196 194 192
82 50 9 58 1 43 80 70 31 45 22 16 18 5 30 72 52 45 42 33 12 45 44 66 72 0 11 78 62 19 15 16 15 57 51 24 9 115 90 130 166 141 145 160 138 152 119 181 187 180 191 194 191
63 18 27 33 45 57 81 74 47 15 9 52 12 64 53 19 53 53 46 45 73 13 52 53 16 62 89 60 2 65 10 45 161 153 109 92 92 90 183 186 184 199 191
55 24 57 70 38 76 55 23 51 77 12 62 12 65 64 2 34 83 4 42 66 2 6 50 39 34 13 40 45 70 68 13 97 177 170 157 138 114 99 127 100 180 194 195 199
59 59 6 77 79 76 76 46 69 51 84 40 17 47 21 11 53 58 54 55 4 35 50 43 62 17 35 109 109 107 160 169 182 180 189 192 197 195
26 78 19 67 70 15 27 50 4 55 7 63 88 20 0 0 54 81 57 20 118 170 156 117 148 129 183 181 181 186 185 199
72 26 7 52 19 24 19 52 78 56 17 75 32 71 14 25 82 66 33 78 46 52 67 6 47 81 84 53 60 12 86 64 81 41 34 8 21 64 153 113 136 127 109 123 169 119 179 119 188 185 188 189 189 191 193 194 191 195
74 89 35 89 52 27 48 11 27 61 69 59 72 7 26 46 64 75 41 19 4 87 53 93 108 100 172 136 171 181 180 183 187 189 191 194 194 194 193
56 1 37 43 68 49 20 14 41 48 51 65 65 25 46 25 9 43 25 48 89 0 34 18 65 63 34 39 9 84 52 72 20 86 45 0 63 46 116 142 112 96 143 170 93 95 170 185 181 194 198
80 75 14 40 89 46 7 56 48 73 9 85 63 17 70 76 76 56 2 80 9 41 49 58 5 51 52 30 33 58 1 86 65 5 61 179 123 141 93 90 133 136 135 115 168 194 196 191 196 199
62 21 82 28 57 70 87 69 5 45 52 9 17 68 60 36 59 0 19 58 82 9 11 12 73 50 71 33 25 19 39 53 37 144 136 93 175 135 150 130 161 141 182 183 185 193 197 193 197
12 50 65 39 14 51 89 75 63 79 9 10 39 10 50 27 4 57 18 8 28 68 60 20 3 34 65 53 22 8 7 1 15 74 120 135 126 170 162 126 148 152 180 191 199 198 191 195
49 44 16 71 15 45 37 53 42 56 17 79 57 28 67 80 87 21 73 12 103 178 146 174 157 100 182 193 199 199 195 192
31 88 66 71 32 78 40 6 81 84 11 8 68 21 12 70 72 59 48 49 21 10 85 31 71 83 45 86 31 65 87 112 138 120 137 156 171 107 180 189 188 190 198
76 22 86 85 32 48 24 31 3 85 63 79 56 33 48 22 22 89 28 65 58 55 0 86 36 23 30 12 65 75 45 49 143 171 146 137 173 151 161 161 177 138 181 184 183 196 195 198
34 44 51 3 87 42 71 26 86 63 33 68 41 72 65 63 39 14 53 50 23 84 48 14 76 34 60 55 38 66 86 38 29 8 81 60 40 34 66 46 113 103 122 140 153 171 92 180 191
32 86 1 13 57 80 15 68 69 12 72 12 40 53 52 83 49 24 24 89 82 79 20 85 54 37 5 67 12 64 43 54 67 2 65 64 95 175 133 150 172 135 120 129 188 180 183 195
48 29 6 0 74 38 42 85 45 29 54 26 26 25 55 36 0 87 44 80 59 81 44 79 28 24 79 38 40 28 28 22 5 88 11 14 82 3 144 170 115 169 174 122 186 184 181 180 190 193 199 190
40 14 71 36 49 65 49 80 75 33 38 77 27 44 20 85 22 44 60 12 18 43 36 17 4 9 35 143 140 130 142 136 128 179 158 188 184 180 188 187 191 197 190 195 193
5 24 17 50 25 26 63 44 25 62 46 84 50 10 77 53 48 87 58 64 143 158 171 131 158 171 122 189 186 182 186 186 190 192
77 33 78 45 3 10 51 83 83 18 88 24 52 64 1 83 18 36 43 89 46 12 81 25 7 81 14 88 34 4 104 123 139 136 142 106 117 181 192 191
12 65 28 22 88 66 30 86 13 75 19 65 62 29 69 77 69 39 56 23 29 60 84 48 23 73 62 11 30 20 24 7 127 124 170 144 118 107 123 103 117 194 196 196 198
73 75 27 6 71 26 39 76 80 79 72 60 50 80 54 88 27 19 39 11 80 82 31 24 7 44 176 124 99 156 95 187 180 186 186 194 191
57 46 3 26 15 63 62 1 46 13 49 9 40 76 1 80 71 58 65 43 82 56 64 38 11 8 20 1 9 22 35 29 42 15 8 154 152 101 156 95 170 184 183 191 191 196 197
72 0 12 52 67 36 83 81 52 13 11 4 45 71 7 57 63 42 63 71 30 17 64 71 61 10 41 26 33 73 74 47 5 52 37 56 67 86 26 6 148 131 123 90 92 180 183 195 196
28 7 76 21 88 1 89 24 73 12 11 65 61 22 69 5 16 27 82 55 0 64 71 61 3 34 32 18 3 36 70 52 28 35 35 25 11 43 40 162 93 119 110 102 186 189 183 182 181 194
41 71 79 36 32 76 84 7 9 44 65 81 70 82 66 8 46 15 0 30 55 14 5 22 13 78 20 34 20 11 95 177 140 97 139 147 181 185 183 199 196 199
58 28 46 61 23 25 11 24 79 83 13 30 73 48 33 84 6 2 48 46 14 50 69 41 11 20 22 68 23 83 61 46 37 12 175 179 147 102 101 114 128 183 188 194
8 55 25 48 1 28 31 42 44 67 27 10 44 14 28 14 57 58 32 53 8 163 169 162 134 124 98 94 156 181 189 185 196 193
7 52 66 62 31 42 43 0 74 77 0 8 7 50 23 69 54 54 30 2 25 32 68 16 6 4 80 43 95 130 101 154 114 184 183 191 199 199 193
72 84 46 44 67 4 16 70 34 11 21 52 27 42 69 82 30 7 48 53 6 39 87 52 76 44 56 77 54 22 57 11 88 45 4 9 81 71 86 118 122 161 152 98 166 127 96 177 198 198 196 194
41 31 53 75 58 41 2 64 56 15 60 35 15 0 36 69 80 81 51 57 82 22 3 16 40 78 48 54 82 76 43 28 23 134 177 121 148 120 172 152 124 189 181 183 190 190 196
73 72 75 76 88 35 21 172 97 94 92 173 95 129 114 90 131 122 130 103 152 175 156 151 133 162 157 118 145 160 154 96 106 105 176 143 190
2 86 22 4 57 63 15 17 15 140 134 145 178 171 111 92 137 96 107 147 93 131 146 169 106 171 157 124 124 165 110 138 95 96 90 196 193
11 2 61 41 50 86 14 34 65 74 174 105 110 155 123 151 149 167 141 153 178 172 148 159 127 166 150 130 139 179 188 188 189 191
71 27 9 33 80 74 69 32 25 12 151 179 118 139 120 125 146 179 157 131 134 122 131 173 166 178 163 176 152 136 122 138 132 105 101 186 182 188 181 195 198 196 193 190
39 63 75 11 24 88 178 124 167 171 158 173 157 128 176 128 151 98 151 156 138 122 161 93 111 128 132 143 183 181 181 187 196 197 196 195
11 23 35 87 84 34 178 176 123 148 175 155 147 109 129 150 92 106 113 168 169 145 162 91 151 162 150 106 106 117 165 104 128 159 92 106 146 127 153 178 150 148 104 100 181 185 181 184 194 192 194
81 74 89 48 30 62 47 18 72 161 104 131 143 156 122 178 143 149 109 121 172 121 152 136 90 145 159 151 110 150 93 155 97 163 154 122 127 175 173 172 158 122 112 128 120 110 111 188 187 195 198 191
84 45 88 51 34 19 13 139 166 104 143 170 139 127 146 113 123 146 100 167 133 93 119 169 149 149 127 144 143 129 189 180 195 195 195 190 199
89 23 36 58 35 38 33 65 59 65 92 149 156 163 105 100 154 91 162 138 179 93 98 138 174 123 158 138 152 107 116 116 166 116 138 132 121 90 161 130 136 94 161 167 138 100 122 131 184 195 193
26 8 37 71 19 38 98 101 150 91 143 146 167 133 146 118 156 134 145 179 97 165 179 168 92 155 141 103 109 188 182 183 196 193 194 196 196
83 42 39 31 70 140 163 160 94 128 94 150 153 106 162 98 161 148 138 97 135 161 119 174 106 149 132 113 178 141 106 150 137 137 136 132 157 176 93 153 190
32 16 7 58 52 11 51 19 49 147 165 164 102 177 127 130 155 176 143 144 126 140 101 167 162 164 122 134 173 102 106 136 172 171 173 152 112 119 97 171 152 162 158 189 188 199 192 192 192
39 65 1 69 45 88 171 98 101 173 174 110 139 103 154 160 102 106 97 164 139 142 179 158 170 136 173 119 128 142 179 93 116 102 90 122 156 122 90 142 177 138 113 104 90 127 183 184 184 181 191 191
13 65 77 36 44 37 47 79 63 162 96 167 125 108 130 149 126 103 115 129 96 169 151 103 148 133 100 129 118 139 126 104 160 174 102 136 92 183 183 198
22 17 22 89 61 83 44 43 9 0 101 152 159 153 170 143 115 112 158 147 131 156 149 141 118 169 109 126 116 173 113 151 143 128 161 140 169 94 121 132 182 183 186 195
21 53 34 48 77 83 93 177 157 133 128 134 102 178 116 138 98 147 163 152 177 111 124 100 133 167 161 135 167 112 163 121 111 128 145 141 153 125 161 94 166 150 112 186 188 188 183 180 199
30 57 48 59 72 108 133 172 120 120 109 177 109 105 109 96 124 106 160 127 93 96 121 102 138 154 130 185 185 195 193 191 190 191
8 18 77 88 17 20 68 72 69 97 175 119 122 95 100 97 133 173 136 171 125 127 108 126 148 126 158 108 130 159 155 145 178 94 158 133 157 156 159 158 137 133 164 176 154 143 104 123 188 184 197 196 192 191
38 63 56 57 76 0 33 125 136 120 151 93 92 118 97 179 172 161 172 170 109 171 130 104 129 118 172 173 133 136 144 123 155 147 113 133 171 165 153 150 113 138 185 184 187 182 192 196 193
60 29 38 39 54 46 27 61 54 55 136 155 145 175 116 96 92 172 139 123 163 99 101 128 153 161 172 130 125 107 162 178 145 186 186 186 181 186 199
3 48 87 45 39 8 3 48 86 157 163 142 110 172 124 90 153 164 99 136 139 146 103 107 157 93 148 179 94 154 96 189 182 180 184 193 194 192
41 29 60 75 85 58 117 176 113 128 135 176 172 174 116 175 147 152 164 169 113 140 175 104 151 98 100 162 184 180 196 191
44 75 59 44 86 54 115 149 123 132 145 150 97 119 173 176 138 125 144 149 147 104 90 123 158 149 91 159 106 126 133 142 99 155 172 133 116 122 113 180 197
14 62 14 6 18 58 86 25 37 69 100 115 133 149 170 153 141 174 171 130 155 139 173 166 122 144 103 95 135 168 156 171 134 149 174 146 185 196 197 191 194 191
76 27 51 68 0 17 151 157 128 170 99 156 133 138 178 174 149 91 102 145 154 125 140 138 102 111 127 113 189 193 197 199 198
70 80 73 34 43 102 164 154 117 141 176 146 113 129 134 141 121 100 138 94 178 118 144 143 173 168 110 150 147 95 104 178 107 141 163 121 122 131 151 127 113 187 196 198 198
59 26 17 55 40 56 24 29 57 25 148 91 119 154 112 127 101 158 138 134 167 175 94 172 128 170 102 153 151 90 104 125 196 193 198 198
52 67 44 15 75 125 171 102 119 103 136 149 171 123 110 152 138 173 135 179 122 106 166 97 148 104 128 172 126 168 169 171 161 92 115 135 126 114 116 185 182 180 195 192 194 196 196
42 60 1 80 81 29 73 85 48 73 163 94 102 95 119 123 139 113 137 150 98 166 107 115 93 153 161 175 132 122 179 141 176 119 149 172 143 103 114 114 91 134 152 177 189 198 199 196 198
58 83 65 48 53 15 33 10 125 157 165 145 165 101 176 152 127 95 115 156 125 164 133 106 167 94 101 98 193 193
24 83 6 59 15 8 52 84 129 147 150 169 92 130 122 175 153 148 119 173 101 114 109 158 120 149 179 167 140 179 122 157 129 102 140 104 100 145 185 186 188 192 195 195
83 9 0 5 43 19 52 75 40 168 127 102 105 94 127 174 170 148 139 167 159 131 146 108 90 167 139 132 154 160 179 120 101 172 95 134 138 162 133 93 165 146 187 185 182 187 198 195
63 71 49 16 18 78 32 10 172 128 108 98 171 177 154 98 97 94 123 178 160 149 163 108 176 137 105 157 102 141 154 151 117 94 165 108 107 100 137 151 161 99 105 151 140 120 131 182 187 199
26 37 79 57 25 48 24 20 83 16 103 140 144 137 123 99 171 143 141 120 149 151 143 95 98 95 144 93 147 153 143 131 94 187 186 188 182 180 191 190 190
70 18 6 1 5 77 30 157 161 112 149 170 179 113 145 132 94 141 154 96 168 115 108 102 179 114 98 125 97 167 164 163 157 106 188 180 195 196
56 12 74 30 53 108 174 103 109 123 126 111 119 166 132 169 162 91 133 148 106 133 161 104 116 164 161 150 98 101 124 124 111 152 114 187 194 194 196
16 51 83 79 74 11 177 104 111 176 159 136 115 141 100 93 123 155 125 111 154 99 140 134 169 165 139 176 98 177 141 161 142 130 184 183 185 194
20 56 15 1 51 56 47 14 174 104 104 129 160 103 178 132 113 90 124 132 92 115 163 93 120 109 134 135 132 111 116 151 124 170 137 131 161 158 161 188 185 194 190
61 42 59 52 56 134 96 95 174 145 159 175 91 105 103 152 154 161 156 99 174 107 148 129 119 143 96 145 139 146 170 148 115 135 107 113 168 149 183 184 198
7 86 73 59 25 156 94 122 98 127 141 129 110 135 126 123 174 108 157 168 111 152 145 179 130 140 96 153 186 184 186 195 199 194 197
38 75 78 32 4 88 37 0 48 165 164 150 114 122 122 163 123 161 143 130 123 94 101 139 139 169 124 109 158 106 141 90 165 90 137 182 183 189 197
79 73 20 27 0 65 57 93 157 94 170 158 167 96 106 94 128 122 116 116 134 142 106 144 150 176 113 137 113 128 153 135 162 151 111 109 103 138 179 168 165 112 164 191
14 11 33 35 18 69 131 120 121 142 124 95 112 172 174 167 132 175 112 175 142 112 101 106 114 178 178 178 149 116 179 97 131 117 195 192 197
1 42 37 2 41 87 4 45 152 175 148 111 140 137 99 128 97 140 136 115 133 165 151 100 109 144 100 152 148 93 173 103 100 144 158 167 169 167 133 150 107 113 168 141 153 152 95 181 184 182 187 186 194 191 195 198 192
78 29 41 72 10 55 73 56 16 133 163 115 122 128 103 133 154 167 178 162 121 177 155 112 102 113 119 177 97 121 134 144 158 148 135 182 183 184 185 193 196
28 7 60 9 8 80 132 160 157 101 124 103 108 154 141 143 139 113 170 102 94 151 166 126 179 136 157 152 178 102 140 189 182 180 186 198 198 198
9 0 63 85 28 36 48 154 96 141 113 160 120 161 140 104 134 115 91 142 112 179 159 133 102 159 152 171 122 100 166 176 131 181 189 183 182 182 196
14 18 28 17 40 15 173 122 166 158 143 160 129 102 101 168 176 109 97 157 105 95 139 167 155 113 132 120 121 118 125 129 130 156 169 180 188 180 191 196
77 14 7 53 10 61 40 144 125 95 128 124 152 111 144 146 170 119 132 162 179 110 99 93 178 137 112 138 109 105 100 152 126 177 133 98 99 97 185 192 199 197 195
69 79 82 89 34 66 82 53 156 107 125 106 174 127 173 175 136 97 141 177 144 133 126 92 179 170 99 95 149 147 144 95 94 110 119 150 183 183 185 182 189 195 199
1 15 2 61 16 44 37 67 159 131 130 122 148 138 164 162 158 91 149 90 150 161 110 165 154 91 152 149 104 178 98 146 155 98 113 123 145 150 102 174 168 129 91 177 180 188 183 184 183 192 194 194 192
60 79 88 28 45 7 35 154 123 110 149 157 155 116 177 104 164 117 114 101 145 134 152 113 142 125 98 145 156 153 101 162 125 109 170 107 136 180 186 185 193 197 194
31 87 28 31 51 56 128 178 114 90 114 158 159 167 144 145 171 144 106 131 107 126 173 175 130 117 193 191 197 195
85 55 37 83 40 119 128 147 114 171 162 143 90 155 151 96 122 117 109 112 96 167 161 101 153 123 91 111 120 147 191 190
87 70 29 26 11 77 34 1 13 150 148 176 130 91 169 160 103 131 99 131 113 142 125 179 160 172 159 107 168 156 124 168 110 145 137 98 105 114 121 111 159 96 117 185 192 190 198 190
10 6 17 31 70 52 58 60 38 108 107 119 108 151 164 143 169 177 164 169 169 148 113 169 170 97 90 135 119 143 116 152 174 133 120 120 148 110 176 107 102 93 184 184 185 185 199 197 199
54 57 20 8 75 7 158 166 166 135 140 152 160 97 174 147 105 126 99 139 153 96 142 104 114 109 171 147 179 110 140 134 141 104 109 124 90 117 150 169 129 194 192 192
75 11 30 88 57 44 61 138 144 143 112 95 126 142 148 121 172 175 150 142 179 115 135 147 137 177 142 163 174 131 160 113 102 134 126 156 182 199
17 77 74 75 48 82 50 14 43 75 131 165 134 176 96 155 126 131 137 169 163 165 95 176 173 123 148 99 139 164 155 120 141 92 139 174 96 114 133 170 162 135 169 98 109 181 186 181 185 193
3 9 73 32 43 39 153 137 153 165 166 122 153 157 124 133 138 127 111 155 98 175 132 150 137 99 115 143 122 109 189 188 192
64 4 53 38 40 37 6 50 114 164 169 155 115 131 102 145 126 161 104 158 114 102 173 113 173 152 139 116 130 170 113 114 170 139 179 132 174 129 171 138 187 185 185 192 195
77 2 34 19 34 115 155 117 108 173 167 158 150 168 90 140 161 154 142 160 116 166 128 129 100 139 107 159 172 149 177 118 98 177 147 98 135 118 105 148 115 133 181 186 180 189 184 198
84 86 17 71 2 55 1 125 176 133 110 103 172 95 141 98 138 166 164 177 94 123 165 169 158 117 137 144 177 107 108 90 134 171 113 112 129 186 181 191 194 196
21 29 4 32 5 130 119 155 167 141 165 147 148 169 111 137 94 155 174 160 141 92 126 128 142 92 174 174 105 136 120 122 155 176 109 108 176 110 167 157 165 113 184 188 185 189 183 190 190 193 193
65 48 54 59 44 23 52 86 41 117 127 131 135 116 94 138 145 116 129 175 93 156 125 165 146 118 165 146 106 92 122 123 104 120 142 107 172 144 149 105 158 132 166 179 177 95 121 194 191
43 81 60 33 56 15 22 54 90 128 152 98 125 164 178 141 124 114 123 178 138 149 175 164 129 140 130 128 164 112 105 155 96 118 143 105 189 188 190 190
22 26 39 68 62 54 3 144 132 148 121 106 120 114 108 123 90 168 137 94 91 134 91 155 140 156 127 100 106 95 124 150 152 134 121 160 117 155 111 99 103 188 185 182 185 196 196 196 193 197
84 69 59 81 61 25 119 177 147 166 94 173 103 170 176 159 164 167 95 132 155 157 148 113 158 100 183 194 192 191 196
47 40 25 50 26 100 108 99 142 150 103 166 126 155 168 163 110 106 169 109 107 110 152 91 176 177 150 105 149 158 172 167 97 132 125 168 145 182 184 184 192 192
71 89 27 27 6 84 89 64 120 151 114 169 147 173 162 153 174 155 127 115 101 121 93 140 160 165 111 156 157 142 108 98 176 169 150 177 142 168 178 123 129 188 193 196 192 199
88 9 54 59 84 25 58 78 64 140 172 107 124 151 176 170 117 91 137 166 108 91 163 126 128 150 151 179 135 122 111 131 106 190 199 199
53 48 10 74 40 75 46 72 22 175 107 123 131 100 108 104 161 151 120 92 140 120 104 114 172 176 150 151 156 103 173 129 162 108 92 151 158 123 90 122 167 163 93 143 120 96 184 184 186 187 185 197 191 190
75 39 43 18 65 66 67 155 132 117 114 115 112 97 143 120 171 134 159 171 103 131 174 158 156 154 143 173 142 105 157 131 125 130 175 141 138 151 119 93 119 182 180 189 199 190 192 194
6 22 69 38 38 50 76 26 72 23 135 133 149 93 143 111 158 106 97 164 160 151 101 115 164 150 91 121 106 97 136 101 152 136 186 182 183 184 193
2 54 89 16 83 55 75 133 131 119 155 130 114 160 153 90 133 92 97 109 149 176 93 134 107 117 158 134 112 134 130 174 172 130 94 149 133 98 95 113 173 93 168 162 133 186 188 189 189 187 190 199 193 197 191
39 18 85 11 5 112 163 133 128 137 90 134 153 171 136 134 128 106 121 113 122 90 132 137 99 101 147 91 168 103 151 105 95 160 125 174 110 182 196
32 76 23 81 89 19 69 74 75 86 97 103 97 161 160 119 166 108 172 122 170 100 179 112 119 138 161 130 154 175 99 107 164 123 119 99 144 187 183 188 185 189 192 191
78 19 68 16 23 158 169 106 145 116 133 174 112 161 155 167 120 111 123 155 110 97 148 170 172 166 123 153 178 138 143 116 90 161 187 189 182 180 181 193
69 35 83 72 44 69 85 10 94 147 170 100 96 168 169 132 122 164 93 90 150 104 123 142 94 97 158 142 94 121 153 156 187 181 188 181 196 197 190 192 194
2 71 25 13 89 63 97 107 177 97 131 165 177 141 98 113 102 123 174 175 175 123 106 143 116 91 116 158 94 126 163 155 158 177 95 125 94 99 140 119 158 146 172 122 137 184 189 194
26 72 3 88 79 157 158 165 160 140 102 148 107 163 139 110 108 168 117 142 171 132 170 132 177 129 161 128 135 151 167 135 102 120 122 172 171 190 192 192 197
84 89 14 28 74 11 80 42 11 113 94 116 135 150 121 124 149 172 143 120 105 115 153 170 126 133 164 171 156 130 165 160 92 168 106 132 147 99 166 93 142 173 94 133 100 152 126 187 189 182 185 188 194 196 198
52 51 87 52 68 70 77 82 59 100 144 137 133 116 112 169 140 100 146 144 105 159 156 133 100 99 130 114 109 179 109 159 99 161 136 115 108 162 165 140 117 137 121 188 188 188 185 197 198 196 197
22 36 54 74 27 50 76 30 75 16 113 118 116 166 122 97 109 149 95 100 151 151 127 127 123 91 161 108 172 144 101 105 147 146 163 131 133 90 165 131 117 126 110 142 145 135 156 115 101 181 180 199 193 195
12 69 52 14 51 174 102 100 90 149 157 163 145 166 172 91 164 105 99 96 154 120 132 164 117 136 95 126 155 127 91 189 188 188 185 192
16 47 38 76 24 64 15 54 25 88 137 106 129 148 111 178 174 167 142 112 93 109 99 156 92 106 146 170 165 112 127 127 141 151 101 118 121 100 118 98 150 144 185 195 192 198 196
15 57 20 51 69 3 47 68 71 15 157 171 153 105 164 117 97 151 122 95 130 135 114 100 110 175 148 123 151 138 142 125 157 189 185 189 183 197 193 197 192
12 11 77 47 79 53 35 73 70 93 150 125 117 146 96 161 129 110 132 116 108 118 167 109 112 176 144 155 110 179 180 182 187 186 187 198
48 62 48 3 35 63 26 48 132 118 91 120 167 148 149 106 136 108 112 132 129 117 150 103 105 123 153 137 116 103 137 107 170 176 131 143 96 155 171 129 180 189 187 192 192 193
86 67 14 10 55 83 34 21 174 136 140 135 163 99 109 177 175 108 120 169 125 147 173 153 141 97 142 178 94 126 107 102 120 152 128 139 90 107 158 199 193 196 199 197
17 25 65 16 51 51 47 123 102 125 128 176 149 167 132 181 189 186 187 188 189 184 186 188 196 191 193 191 196
3 17 76 47 77 29 158 119 135 140 116 164 126 98 173 140 189 189 187 186 187 186 189 180 195 190 191 196 197
71 31 68 69 81 78 176 174 162 138 137 184 185 185 182 188 180 185 196 198 199 193 197 193 196 193
48 71 2 21 23 37 73 89 42 50 157 165 175 122 128 134 95 122 186 188 189 186 186 184 190 199 193 192 191 199
16 32 86 34 74 36 16 51 98 100 106 94 112 156 105 124 90 189 183 186 185 186 188 187 187 186 189 190 197 195 194 195 192 196 193
14 26 42 15 35 76 24 24 6 23 117 133 125 152 163 145 123 113 180 186 182 185 188 183 183 185 182 186 194 192 191 197 197 199
67 73 61 55 24 73 139 130 162 104 128 173 171 137 185 189 184 184 187 193 199 199 191
42 15 69 63 32 46 167 151 165 150 136 116 183 189 189 184 186 181 181 199 194 192 197
54 22 5 18 58 90 148 135 129 130 132 189 185 182 189 188 185 189 193 199 192 191 196 199 191
76 68 52 88 7 73 22 44 43 116 155 138 166 99 95 126 180 188 186 182 186 183 188 198 196 193 192 194 192 195 193 196
84 20 54 34 25 58 68 68 167 96 125 173 165 96 104 182 186 185 181 182 186 192 199 199 197
34 17 3 89 1 9 68 89 11 141 166 151 152 156 182 183 183 187 182 187 181 194 196 199 199
43 39 66 52 14 40 63 9 39 28 143 98 121 167 102 116 92 137 189 182 188 185 188 184 184 181 184 197 199 197 194
58 19 55 8 52 60 26 70 2 80 118 179 162 160 174 149 148 169 168 127 188 183 181 183 180 182 196 194 191 197 191 197 196
67 25 32 35 62 89 62 67 28 53 169 104 104 138 146 95 100 147 92 163 188 183 189 182 184 190 192 198 198 192 199 190
58 75 84 39 46 110 129 105 146 171 141 184 189 184 189 184 183 189 186 193 197 195 196 191 197
6 60 20 8 33 167 115 98 96 148 99 175 178 168 180 183 180 180 184 186 193 197 197 194 190
64 45 29 35 13 16 178 142 128 127 117 96 112 176 135 189 185 180 189 180 186 183 180 181 186 192 196 191 199 195 191 190 192 195
81 2 56 18 51 83 99 94 114 140 132 144 121 173 143 185 182 180 182 183 184 181 195 199 193 196 196
61 53 54 29 59 164 160 96 120 178 134 174 149 107 180 186 188 185 189 188 182 186 195 191 198 190 195
